min_thickness: 2.072
average_thickness: 2.620694444444444
max_thickness: 3.1719999999999997
