min_thickness: 1.734
average_thickness: 2.4392800000000006
max_thickness: 2.9499999999999997
