min_thickness: 1.734
average_thickness: 2.427064814814815
max_thickness: 2.9499999999999997
