min_thickness: 1.7830000000000001
average_thickness: 2.1313333333333335
max_thickness: 2.37
