min_thickness: 1.796
average_thickness: 1.9989999999999999
max_thickness: 2.3280000000000003
